175202
168473
150922
109854
111231
139894
146841
152040
144744
136728
93754
97692
120601
126275
129180
124475
110697
103652
63420
81987
105198
99613
89741
86272
71577
43603
53612
68622
73092
61699
51113
45557
28576
31690
42462
40703
38510
34985
29334
16815
20688
27684
28108
22820
20271
9252
10415
13141
16885
18732
11645
15750
10668
10547
13211
15134
15571
13890
13510
8721
8957
12447
12040
13281
13243
12874
8317
8624
12489
14068
16105
19143
14564
10019
11002
14833
18646
18553
16286
9023
9067
12081
16180
24481
22557
23719
23784
16207
15744
21992
28493
28083
27932
27975
19547
21137
29781
35598
40985
35924
33592
24664
27382
37087
44738
43268
45451
43040
33324
36837
48288
55329
56804
55412
50676
39821
41087
52246
63449
62927
64228
58678
35756
49769
78366
72531
73334
72486
71754
62620
54013
68191
77316
77047
76650
64207
56988
45101
63849
71008
74617
71310
61948
57998
53202
63396
75367
66440
68361
58072
48577
45300
58484
62356
62846
62225
51818
43461
47508
52530
63860
60489
62209
53268
43144
43529
57556
64225
65661
65755
54923
51149
51872
67928
73768
72016
72878
70827
56219
