240005
82492
40149
223022
155059
172418
187652
238455
72877
45606
239512
180246
196633
175840
237302
77115
52220
80525
242228
177901
165411
232267
78106
44911
235211
142648
176319
156922
210579
71301
43169
179258
117044
136583
127559
176534
58974
52241
159749
112700
120939
111327
154598
46992
43591
145447
95360
112970
101448
131714
37695
38902
97478
111130
108840
86974
109833
39229
31072
100013
81271
91932
77907
96371
31826
18561
111111
69210
102365
75744
95117
33855
32019
111462
70950
85341
81722
96680
34603
36302
109024
79955
95702
56663
144813
43496
31211
134811
87056
112680
110177
126909
44792
39229
145647
91279
111531
39053
52693
25993
42497
187718
117315
136959
139209
158618
65580
54252
179472
113219
149650
122435
160667
55827
51308
187073
114798
143536
141577
192731
77744
87822
242491
178541
240968
269877
233452
72940
195757
508713
356097
498462
588389
489880
166634
304412
1076439
805716
644769
814656
856505
385993
476501
1368563
769334
909036
840045
859070
394069
468150
661708
1113068
998442
710733
822670
286559
356261
903001
554931
651657
488202
601307
169435
192911
531093
414411
327025
253191
370969
104486
80511
338779
221362
187299
170862
209265
